[[7.009264777978132e-73, 2.200847695353333e-57, 3.7587749616988984e-91, 9.494888950106374e-37, 2.1081125811637699e-23, 1.1435660777748986e-42, 5.779637969901466e-64, 1.8240223555128718e-105, 1.67056446381675e-107, 3.252210359892335e-81, 1.8344785384136937e-72, 5.576847729304631e-73, 4.331914456649804e-70, 1.0316622882648402e-70, 1.115919087722109e-56, 9.697019200804085e-52, 5.591249524079529e-44, 6.038697839747887e-42, 3.560911055575738e-69, 9.287136080642246e-57, 5.302081947718984e-78, 7.407735137928877e-87, 1.314619313124519e-70, 8.791678403591228e-60, 3.047565747749835e-51, 7.475661079986988e-66], [2.29628039234397e-91, 6.577366569629726e-45, 1.8132224151476334e-101, 0.00013007608077918005, 1.0846839233838227e-39, 2.073529459591089e-22, 3.3136631577838653e-31, 3.796809845934481e-47, 2.9475132184687277e-30, 354849.18470042624, 5548828746.255867, 0.0011359926882290733, 3.018501303603852e-53, 2.229328122548742e-78, 4.383295773614028e-68, 8.938126880910728e-73, 3.184341564609454e-40, 3.281841510548864e-59, 8.490411626978363e-40, 3.1676896151439925e-43, 1.7122759621139483e-20, 3.762792965635263e-43, 2.3331184310762815e-16, 1.0387708631349212e-15, 6.671885291936184e-09, 2.81783187884217e-16], [4.504098748812569e-230, 8.634774019744255e-142, 6.319607743290128e-205, 2.0884250203228688e-185, 4.788810599943797e-135, 5.12064820229982e-178, 5.472490164498689e-140, 2.698995695700681e-234, 1.066856994527071e-231, 1.5300586750354874e-266, 8.526150577508453e-290, 8.842728014090279e-273, 2.1698229035204923e-209, 6.49068647441291e-173, 5.641874292032102e-150, 2.8666116588536006e-158, 1.1456952812679689e-151, 7.404986848661915e-142, 4.683637252402603e-182, 1.2530626786785416e-111, 1.7197248386708967e-202, 8.614287188346976e-205, 1.2506892776475458e-208, 7.392434635210887e-178, 5.389156076088773e-114, 1.7491181351465657e-142], [6.223080073503836e-49, 1.2454877225349382e-22, 5.882462245048727e-28, 3.100915515878406e-72, 3.985850586026607e-24, 8.800736761127618e-58, 6.775132590287e-17, 2.315707397594083e-49, 1.5318807731121765e-78, 1.2735407002195549e-86, 1.8650946951095795e-58, 2.7222973375597334e-54, 1.7712562275253654e-40, 2.287313856020813e-42, 4.166189519691842e-38, 5.829458108926591e-45, 3.8540338791405196e-46, 1.1999067808765298e-29, 4.173668472891234e-35, 5.111011739854078e-27, 7.851369456532606e-61, 1.6564199790159117e-51, 2.7743785820076304e-63, 6.261882216260718e-48, 3.068996041104776e-09, 2.9421057678047027e-21], [3295.3272003824172, 200036934027.05334, 74643689875.01251, 882134571.6709061, 7.171542765389493e-19, 1024762881747.8695, 3.348657540100814e-23, 4.373388889533833e-23, 73788927.28933623, 5959470187427399.0, 8.078418204425759e+25, 3572468.306323501, 1.4129685225167459, 0.0002896987477802404, 9.124937822757482e-07, 5.036645178482044e-07, 8.968392223757752e-16, 4.3843190571538816e-21, 2.2575520714079073e-16, 0.004859069685868885, 5.536850209529865e-14, 0.06087774673462646, 2423681717236699.0, 7.894479470696945e+17, 218.33999675290823, 0.00029394643760950056]]
[[13607, 12632, 12095, 13744, 12940, 13602, 6672, 11370, 12017, 13248, 13736, 13611, 12015, 10460, 10290, 10325, 10702, 9752, 9592, 5644, 9657, 9845, 10321, 8599, 4629, 5678], [13761, 12685, 12204, 13862, 13069, 13712, 6692, 11459, 12096, 13289, 13786, 13672, 12069, 10535, 10335, 10386, 10766, 9815, 9639, 5657, 9704, 9892, 10343, 8615, 4647, 5694], [13771, 12696, 12211, 13900, 13105, 13753, 6694, 11477, 12098, 13293, 13794, 13678, 12074, 10544, 10343, 10393, 10789, 9832, 9658, 5658, 9710, 9892, 10346, 8619, 4651, 5697], [13773, 12696, 12212, 13902, 13107, 13756, 6694, 11478, 12099, 13293, 13794, 13679, 12075, 10544, 10343, 10393, 10790, 9833, 9659, 5658, 9710, 9892, 10346, 8620, 4652, 5698], [13773, 12696, 12212, 13902, 13109, 13756, 6694, 11478, 12099, 13293, 13795, 13679, 12075, 10544, 10343, 10393, 10790, 9835, 9659, 5658, 9710, 9892, 10347, 8620, 4652, 5699]]
subject: 유동자산
0.9878642389361103
0.9849480934234608
0.9623780257013205
0.9919732572132299
1.0005882990777974
subject: 비유동자산
0.9897255258211487
0.9920121530123197
0.9747407413430254
0.9960351849973482
1.0020517055167026
subject: 자산총계
0.9829326788535349
0.9811721273347239
0.9622267571177477
0.9948788306507561
1.0020522168926287
subject: 유동부채
0.9939831845356308
0.9993547464966323
0.9698702905059966
0.9882259251134473
1.0014827450792092
subject: 비유동부채
0.9959730708625096
0.9931584460681259
0.9766759514696574
0.9958977110270711
0.9968180264833715
subject: 부채총계
0.9929251292199601
0.9963654585200331
0.9707534558989981
0.9904950748109608
1.0020124528001653
subject: 자본금
0.9784122185687366
0.9895673414736296
0.9532263171283851
0.9944536384061993
0.9922988690423578
subject: 이익잉여금
0.979012257452802
0.9907155622348015
0.9542209948054519
0.9902907808533093
0.9955246012125913
subject: 자본총계
0.9797482424328321
0.9943943592786514
0.9569918915424765
0.985300028444512
1.0014984948970755
subject: 매출액
0.9861081096120525
1.0009621186570683
0.954999981741069
0.9852315922806645
1.0027362846170609
subject: 영업이익
0.9880467260678579
1.0016288351019718
0.9528923530255538
0.9904097289640782
1.0043336709149109
subject: 법인세차감전 순이익
0.9878511916721682
0.9995042007434801
0.9552348239634709
0.9910239241986704
1.0011036692953434
subject: 당기순이익
0.9867949985349901
0.9900299616265424
0.9609879486261891
0.9924483915340969
1.0000286292153069
subject: 유동자산1
0.9847117805470618
0.9831712207890356
0.9630960522398581
0.9909477836314252
0.9992276628809628
subject: 비유동자산1
0.987557637715489
0.985104982800239
0.9673198242876407
0.9917128401790016
0.998656314502784
subject: 자산총계1
0.9886879443272437
0.9841536257963468
0.9656983007639207
0.9902476724682154
0.9986056727353951
subject: 유동부채1
0.9907371918707149
0.9915881376028697
0.9682995689935473
0.9903554480987421
0.9967940605929307
subject: 비유동부채1
0.9903148044337146
0.9863734575054335
0.9674884786081771
0.993250509844824
0.9952450719376723
subject: 부채총계1
0.9837030266468263
0.9907100391111556
0.9576899978861861
0.9918378530958487
0.9962770498794682
subject: 자본금1
0.9773998503915418
0.982850165872674
0.9558705384894323
0.9893574260394689
0.9990589605031428
subject: 이익잉여금1
0.9817433658359283
0.9953207635960142
0.9532810360760545
0.9858480553008414
0.9968612938945182
subject: 자본총계1
0.9800570671454789
0.9901733477169854
0.9536098444037225
0.9882492080266453
0.9997170954660294
subject: 매출액1
0.9845306069618154
0.9965259984923248
0.9547837125850526
0.9861739460427161
1.0034294744806926
subject: 영업이익1
0.9843107609099405
0.9960032794751996
0.9537811857454191
0.9874701576708469
1.0047922012980082
subject: 법인세차감전 순이익1
0.9751850835961882
0.9959571157116279
0.9454671077429864
0.9957952116386347
1.0011584635935937
subject: 당기순이익1
0.9739351823358685
0.9937314625229525
0.9443157276401792
0.991737524328249
0.9985740807606293
nomalCount: 1391242
errCount: 2408
err4Count: 19099